0.0950747
0.0360076
0.0455346
0.028169
0.104661
0.0273973
0.037837
0.0189481
0.0244286
0.016757
0.0353644
0.0382166
0.038674
0.057014
0.0222222
0.0177868
0.0215158
0.046875
0.0825416
0.0682322
0.0579019
0.0187455
0.0605042
0.0392447
0.0446927
0.0157022
0.0955238
0.0890842
0.0671663
0.0702959
0.0202475
0.0518359
0.0745149
0.0967667
0.035938
0.0286859
0.0440052
0.0729167
0.0880773
0.100737
0.0373832
0.0705911
0.0221319
0.0228319
0.0249377
0.017585
0.0231171
0.0768137
0.0506329
0.0464265
0.0453741
0.0531343
0.0494244
0.0850202
0.0787249
0.0166289
0.0846657
0.045292
0.0211254
0.0256717
0.0617005
0.0701262
0.0202887
0.0172414
0.0633783
0.0180394
0.05
0.0678707
0.0853774
0.0991293
0.0418301
0.0602931
0.0590693
0.0174142
0.0275862
0.0470256
0.0410673
0.0413233
0.0698312
0.028817
0.039173
0.0175191
0.0407393
0.0181741
0.05518
0.0323981
0.0645262
0.0454545
0.0321214
0.0235639
0.0396668
0.0435967
0.0707089
0.0156047
0.0377772
0.0610433
0.0991981
0.0461178
0.0168409
0.0220751
0.0826247
0.088228
0.0446264
0.0691824
0.0999462
0.0203046
0.0377358
0.0829589
0.031122
0.0443469
0.0550459
0.022967
0.0447186
0.0462606
0.0820654
0.0473679
0.0654253
0.0653314
0.0240263
0.0273548
0.0622027
0.110591
0.0777363
0.0233841
0.0770312
0.0638373
0.071703
0.0448718
0.0619856
0.0588636
0.0459381
0.0500256
0.0189183
0.0218644
0.0327869
0.020865
0.0171174
0.0877549
0.047619
0.0402685
0.0333333
0.0561798
0.0621118
0.062931
0.0740961
0.0233685
0.0740741
0.0985717
0.0192805
0.0203628
0.016129
0.0628931
0.104348
0.0446853
0.0184608
0.0327301
0.0654567
0.0412844
0.0668524
0.0207301
0.0170177
0.0551685
0.0480384
0.0777781
0.034536
0.0282101
0.0462725
0.0761866
0.0384615
0.0260936
0.0335639
0.0414721
0.0439696
0.101986
0.016858
0.0327212
0.0218055
0.028989
0.0333821
0.0428467
0.0566038
0.0452158
0.0402817
0.090055
0.0837958
0.0634551
